|=============================================================================================================================|
| Iter | Eval   | Objective   | Objective   | BestSoFar   | BestSoFar   |  Activations |       Lambda |            LayerSizes |
|      | result |             | runtime     | (observed)  | (estim.)    |              |              |                       |
|=============================================================================================================================|
|    1 | Best   |     0.29708 |      114.88 |     0.29708 |     0.29708 |         tanh |   4.4832e-07 | [ 40  21]             |
|    2 | Best   |     0.23408 |      96.079 |     0.23408 |     0.23743 |         tanh |     0.001305 | [  4   8]             |
|    3 | Best   |     0.22699 |      100.72 |     0.22699 |     0.22733 |      sigmoid |   3.5339e-05 |  11                   |
|    4 | Accept |     0.67232 |      10.824 |     0.22699 |     0.22705 |         relu |     0.094424 | [ 23  32]             |
|    5 | Accept |     0.73186 |      5.9953 |     0.22699 |     0.22715 |      sigmoid |     0.098137 | [  5  32]             |
|    6 | Accept |     0.23758 |       60.54 |     0.22699 |     0.22702 |         none |   3.4592e-05 |  11                   |
|    7 | Accept |      0.2406 |      101.27 |     0.22699 |     0.22702 |         tanh |   3.5243e-05 |  10                   |
|    8 | Accept |      0.2376 |      70.278 |     0.22699 |     0.22703 |         none |   4.4349e-05 | [ 16  19]             |
|    9 | Accept |     0.28189 |      103.73 |     0.22699 |     0.23867 |      sigmoid |   1.0813e-07 |  40                   |
|   10 | Accept |     0.26021 |      10.356 |     0.22699 |     0.24003 |         none |     0.017445 | [ 21   9]             |
|   11 | Accept |     0.23772 |      100.34 |     0.22699 |     0.22709 |         none |   7.6135e-07 | [  4  32]             |
|   12 | Accept |     0.23631 |      92.778 |     0.22699 |     0.22709 |         relu |   3.5624e-05 |  4                    |
|   13 | Accept |      0.5345 |      6.1828 |     0.22699 |     0.22702 |      sigmoid |     0.098568 |  12                   |
|   14 | Best   |      0.2138 |      117.33 |      0.2138 |      0.2138 |         relu |   1.9194e-07 | [ 15   4]             |
|   15 | Accept |     0.23758 |      21.448 |      0.2138 |      0.2138 |         none |   1.0046e-07 |  56                   |
|   16 | Accept |     0.24822 |      118.12 |      0.2138 |     0.21379 |         relu |    1.088e-07 | [ 49  32]             |
|   17 | Accept |     0.31411 |      10.173 |      0.2138 |     0.21387 |         tanh |     0.099729 |  9                    |
|   18 | Accept |     0.22393 |      100.05 |      0.2138 |     0.21392 |         relu |   6.4833e-07 |  7                    |
|   19 | Accept |     0.24409 |      112.54 |      0.2138 |     0.21466 |         tanh |   0.00018589 | [ 25  32]             |
|   20 | Accept |     0.23499 |      97.096 |      0.2138 |     0.21504 |      sigmoid |   4.5716e-06 |  8                    |
|=============================================================================================================================|
| Iter | Eval   | Objective   | Objective   | BestSoFar   | BestSoFar   |  Activations |       Lambda |            LayerSizes |
|      | result |             | runtime     | (observed)  | (estim.)    |              |              |                       |
|=============================================================================================================================|
|   21 | Accept |     0.34095 |      16.956 |      0.2138 |     0.21519 |         tanh |     0.053592 | [ 33  31]             |
|   22 | Accept |     0.38805 |      11.932 |      0.2138 |     0.21461 |         none |     0.081477 | [ 29  30]             |
|   23 | Accept |     0.23801 |      20.436 |      0.2138 |     0.21487 |         none |    0.0024225 |  41                   |
|   24 | Accept |      0.2374 |      108.03 |      0.2138 |     0.21745 |         relu |   1.0067e-07 | [  4  10]             |
|   25 | Accept |     0.23761 |      96.555 |      0.2138 |     0.21797 |         none |   1.4445e-06 | [ 15  10]             |
|   26 | Accept |     0.23043 |      99.712 |      0.2138 |     0.21784 |         relu |   1.0107e-07 |  5                    |
|   27 | Accept |     0.22033 |      114.28 |      0.2138 |      0.2141 |         relu |   3.1397e-06 | [  9   4]             |
|   28 | Accept |      0.2159 |      119.74 |      0.2138 |     0.21402 |         relu |   1.7064e-07 | [ 63   5]             |
|   29 | Accept |     0.28065 |      118.99 |      0.2138 |     0.21398 |      sigmoid |   1.0253e-07 | [ 52  32]             |
|   30 | Accept |     0.31255 |      5.2202 |      0.2138 |     0.21393 |         none |     0.097018 |  4                    |
|   31 | Accept |     0.23761 |      32.668 |      0.2138 |     0.21393 |         none |   1.0242e-07 | [ 51  32]             |
|   32 | Accept |     0.24478 |      117.04 |      0.2138 |     0.21389 |         relu |   5.4234e-06 | [ 56  29]             |
|   33 | Best   |     0.20722 |      101.32 |     0.20722 |     0.20732 |         tanh |   0.00045742 |  60                   |
|   34 | Accept |     0.24823 |      112.38 |     0.20722 |     0.20723 |         tanh |   0.00032479 | [ 42   4]             |
|   35 | Accept |     0.23758 |      30.886 |     0.20722 |     0.20734 |         none |    0.0013742 | [  7   4]             |
|   36 | Accept |     0.23694 |      38.113 |     0.20722 |     0.22057 |         tanh |    0.0015716 |  4                    |
|   37 | Accept |     0.21579 |      118.03 |     0.20722 |      0.2074 |         relu |    2.057e-06 | [ 29   4]             |
|   38 | Accept |     0.24617 |      110.69 |     0.20722 |     0.21576 |      sigmoid |   9.5132e-06 | [ 13   4]             |
|   39 | Accept |     0.23421 |      113.03 |     0.20722 |     0.22053 |         relu |   8.8524e-07 | [  5   4]             |
|   40 | Accept |     0.22581 |      96.992 |     0.20722 |     0.22048 |         relu |   3.4478e-06 |  7                    |
|=============================================================================================================================|
| Iter | Eval   | Objective   | Objective   | BestSoFar   | BestSoFar   |  Activations |       Lambda |            LayerSizes |
|      | result |             | runtime     | (observed)  | (estim.)    |              |              |                       |
|=============================================================================================================================|
|   41 | Accept |     0.23032 |      118.94 |     0.20722 |     0.22267 |         relu |   3.3312e-06 | [ 53   4]             |
|   42 | Accept |     0.22005 |      115.68 |     0.20722 |     0.22098 |         relu |   3.1029e-07 | [  9   4]             |
|   43 | Accept |     0.21349 |       116.8 |     0.20722 |     0.21892 |         relu |   1.0073e-07 | [ 15   4]             |
|   44 | Accept |     0.22129 |      117.74 |     0.20722 |     0.21921 |         relu |   1.3257e-07 | [ 42   4]             |
|   45 | Accept |     0.22403 |      118.01 |     0.20722 |     0.21979 |         relu |    1.111e-07 | [ 41   4]             |
|   46 | Accept |     0.22354 |      99.742 |     0.20722 |     0.21978 |         tanh |    0.0003301 |  36                   |
|   47 | Accept |     0.32413 |      13.829 |     0.20722 |     0.21941 |         relu |     0.099859 |  18                   |
|   48 | Accept |     0.23156 |      108.99 |     0.20722 |     0.21942 |         tanh |   0.00012595 | [  4  12]             |
|   49 | Accept |      0.2376 |      46.926 |     0.20722 |      0.2194 |         none |   0.00038612 | [ 46   8]             |
|   50 | Accept |      0.2309 |      111.36 |     0.20722 |     0.21933 |         relu |   1.5783e-06 | [  6  10]             |
|   51 | Accept |     0.23762 |      34.518 |     0.20722 |     0.21934 |         none |    1.058e-07 | [ 59  11]             |
|   52 | Accept |     0.21389 |      116.31 |     0.20722 |     0.21837 |         relu |   1.0187e-07 | [ 24   4]             |
|   53 | Accept |     0.28276 |      91.955 |     0.20722 |     0.21825 |         tanh |   1.0001e-07 |  63                   |
|   54 | Accept |     0.24423 |      118.29 |     0.20722 |     0.21838 |      sigmoid |   8.2179e-05 | [ 52  32]             |
|   55 | Accept |     0.23155 |      110.98 |     0.20722 |     0.21861 |      sigmoid |   7.3741e-06 | [  5  26]             |
|   56 | Accept |     0.23764 |      55.341 |     0.20722 |      0.2184 |         none |   1.5352e-06 |  63                   |
|   57 | Accept |     0.25357 |      113.44 |     0.20722 |     0.21885 |      sigmoid |   2.4637e-05 | [ 27  13]             |
|   58 | Accept |     0.20963 |       93.67 |     0.20722 |     0.21885 |         relu |   0.00096874 |  10                   |
|   59 | Accept |       0.212 |      93.656 |     0.20722 |     0.21877 |         relu |   0.00055463 |  10                   |
|   60 | Best   |     0.19071 |      95.419 |     0.19071 |      0.1996 |         relu |    0.0015944 |  27                   |
|=============================================================================================================================|
| Iter | Eval   | Objective   | Objective   | BestSoFar   | BestSoFar   |  Activations |       Lambda |            LayerSizes |
|      | result |             | runtime     | (observed)  | (estim.)    |              |              |                       |
|=============================================================================================================================|
|   61 | Accept |     0.20432 |      91.459 |     0.19071 |     0.20132 |         relu |      0.00283 |  14                   |
|   62 | Accept |     0.19124 |      108.49 |     0.19071 |     0.19466 |         relu |    0.0017966 | [ 29   4]             |
|   63 | Best   |     0.18873 |      109.77 |     0.18873 |      0.1917 |         relu |    0.0015828 | [ 41   4]             |
|   64 | Accept |     0.20363 |      107.27 |     0.18873 |     0.19368 |         relu |    0.0010734 | [ 15   4]             |
|   65 | Accept |     0.19129 |      108.51 |     0.18873 |     0.19263 |         relu |    0.0017271 | [ 27   4]             |
|   66 | Best   |     0.18418 |      110.32 |     0.18418 |     0.19012 |         relu |    0.0028088 | [ 46   4]             |
|   67 | Best   |     0.18097 |      112.52 |     0.18097 |     0.18127 |         relu |    0.0032959 | [ 61   4]             |
|   68 | Accept |     0.23367 |      96.214 |     0.18097 |     0.18128 |         tanh |    1.009e-07 |  4                    |
|   69 | Accept |     0.22586 |      81.542 |     0.18097 |     0.18128 |         tanh |    0.0050993 |  62                   |
|   70 | Accept |     0.18906 |      100.78 |     0.18097 |     0.18191 |         relu |    0.0030604 |  64                   |
|   71 | Accept |     0.23328 |      117.66 |     0.18097 |     0.18454 |         relu |   4.9765e-07 | [ 40  11]             |
|   72 | Best   |     0.17967 |      98.966 |     0.17967 |     0.18232 |         relu |    0.0012548 |  64                   |
|   73 | Accept |        0.18 |      99.103 |     0.17967 |     0.18035 |         relu |    0.0010113 |  64                   |
|   74 | Accept |     0.24219 |      115.16 |     0.17967 |     0.18036 |         tanh |   0.00043168 | [ 62  12]             |
|   75 | Accept |     0.23761 |      58.169 |     0.17967 |     0.18106 |         none |    1.268e-07 | [  4   4]             |
|   76 | Accept |     0.19083 |      112.97 |     0.17967 |     0.18234 |         relu |      0.00136 | [ 59   4]             |
|   77 | Accept |     0.17973 |      99.095 |     0.17967 |      0.1798 |         relu |    0.0016708 |  64                   |
|   78 | Accept |     0.27371 |      121.06 |     0.17967 |     0.17978 |      sigmoid |   4.6171e-06 | [ 61  30]             |
|   79 | Accept |     0.23326 |      110.62 |     0.17967 |     0.17979 |      sigmoid |   1.0324e-07 | [  4  13]             |
|   80 | Accept |     0.23762 |      88.578 |     0.17967 |      0.1798 |         none |   3.2687e-06 | [ 61  30]             |
|=============================================================================================================================|
| Iter | Eval   | Objective   | Objective   | BestSoFar   | BestSoFar   |  Activations |       Lambda |            LayerSizes |
|      | result |             | runtime     | (observed)  | (estim.)    |              |              |                       |
|=============================================================================================================================|
|   81 | Accept |     0.23291 |      110.52 |     0.17967 |     0.17981 |         tanh |   7.0819e-06 | [  4  32]             |
|   82 | Accept |      0.2358 |      96.121 |     0.17967 |     0.17983 |         tanh |   1.4398e-06 |  4                    |
|   83 | Accept |     0.23574 |      110.25 |     0.17967 |     0.17985 |         tanh |   1.0745e-07 | [  4  32]             |
|   84 | Accept |      0.2358 |      109.11 |     0.17967 |     0.17986 |         tanh |   0.00079143 | [  4  30]             |
|   85 | Accept |     0.23762 |      43.601 |     0.17967 |     0.18122 |         none |    0.0003778 | [  4  31]             |
|   86 | Accept |     0.23525 |      110.15 |     0.17967 |     0.17976 |         relu |   0.00095967 | [  4  32]             |
|   87 | Accept |     0.23488 |       107.3 |     0.17967 |     0.17974 |         relu |   6.8759e-05 | [  4  29]             |
|   88 | Accept |     0.22473 |       112.3 |     0.17967 |     0.17974 |         relu |   0.00036744 | [ 47  13]             |
|   89 | Accept |      0.2346 |      95.659 |     0.17967 |     0.17976 |      sigmoid |   0.00016832 | [  4   4]             |
|   90 | Accept |     0.18844 |      103.47 |     0.17967 |     0.17976 |      sigmoid |   0.00030413 |  62                   |
|   91 | Accept |     0.19784 |       116.1 |     0.17967 |     0.17982 |      sigmoid |   0.00024161 | [ 56   4]             |
|   92 | Accept |     0.23425 |      110.69 |     0.17967 |     0.17984 |      sigmoid |   4.6753e-07 | [  4  32]             |
|   93 | Accept |     0.21196 |      103.41 |     0.17967 |     0.17986 |      sigmoid |   9.7352e-05 |  64                   |
|   94 | Accept |     0.21151 |      104.33 |     0.17967 |     0.17985 |      sigmoid |    0.0008948 |  64                   |
|   95 | Accept |     0.20917 |      100.49 |     0.17967 |     0.18115 |         relu |   0.00023105 |  62                   |
|   96 | Accept |      0.2868 |      49.075 |     0.17967 |      0.1811 |      sigmoid |    0.0027025 | [  4  32]             |
|   97 | Accept |     0.19507 |      116.06 |     0.17967 |      0.1811 |      sigmoid |   0.00052668 | [ 53  12]             |
|   98 | Accept |     0.18249 |      99.433 |     0.17967 |     0.18127 |         relu |    0.0019627 |  63                   |
|   99 | Accept |      0.6464 |      14.751 |     0.17967 |     0.17965 |      sigmoid |     0.017017 | [ 64  28]             |
|  100 | Accept |     0.23667 |      104.06 |     0.17967 |     0.17965 |      sigmoid |   0.00038222 | [  4  25]             |
|=============================================================================================================================|
| Iter | Eval   | Objective   | Objective   | BestSoFar   | BestSoFar   |  Activations |       Lambda |            LayerSizes |
|      | result |             | runtime     | (observed)  | (estim.)    |              |              |                       |
|=============================================================================================================================|
|  101 | Accept |     0.23665 |      53.674 |     0.17967 |     0.17963 |      sigmoid |   0.00041131 |  4                    |
|  102 | Accept |      0.2376 |       35.09 |     0.17967 |     0.17964 |         none |   0.00037233 |  5                    |
|  103 | Accept |     0.24447 |      11.723 |     0.17967 |     0.17966 |         none |    0.0087394 |  4                    |
|  104 | Accept |     0.23548 |      110.69 |     0.17967 |     0.17965 |      sigmoid |   6.7651e-07 | [  4   5]             |
|  105 | Accept |      0.2376 |      49.749 |     0.17967 |     0.17968 |         none |    3.826e-07 |  4                    |
|  106 | Accept |     0.23755 |       30.17 |     0.17967 |     0.17968 |         none |    0.0014852 | [ 59  28]             |
|  107 | Accept |     0.23762 |      76.541 |     0.17967 |     0.17969 |         none |   4.3963e-06 |  4                    |
|  108 | Accept |     0.23747 |      104.13 |     0.17967 |     0.17971 |         relu |   2.6134e-07 |  64                   |
|  109 | Accept |     0.23434 |      95.951 |     0.17967 |     0.17969 |      sigmoid |   6.0864e-07 |  4                    |
|  110 | Accept |     0.19358 |      116.54 |     0.17967 |     0.17969 |      sigmoid |   0.00027744 | [ 59   8]             |
|  111 | Best   |     0.17934 |      99.527 |     0.17934 |     0.17948 |         relu |    0.0011699 |  63                   |
|  112 | Accept |     0.23838 |      20.017 |     0.17934 |     0.17948 |         none |      0.00293 | [  4  16]             |
|  113 | Accept |     0.27648 |      114.22 |     0.17934 |     0.17949 |         tanh |   2.5277e-05 | [ 57   4]             |
|  114 | Accept |     0.18955 |      101.69 |     0.17934 |     0.17948 |         tanh |    0.0015358 |  63                   |
|  115 | Accept |     0.17979 |      99.605 |     0.17934 |     0.17947 |         relu |    0.0012052 |  63                   |
|  116 | Accept |     0.23767 |      106.25 |     0.17934 |     0.17947 |         none |   7.7943e-06 | [  4  27]             |
|  117 | Accept |     0.19438 |      115.71 |     0.17934 |     0.17948 |         tanh |    0.0034271 | [ 62  23]             |
|  118 | Accept |      0.2048 |      113.09 |     0.17934 |     0.17955 |         relu |    0.0070436 | [ 59   4]             |
|  119 | Accept |     0.18742 |      114.96 |     0.17934 |     0.17955 |         tanh |    0.0021019 | [ 59  10]             |
|  120 | Accept |     0.23354 |      109.64 |     0.17934 |     0.17955 |         tanh |    5.565e-05 | [  4  32]             |
|=============================================================================================================================|
| Iter | Eval   | Objective   | Objective   | BestSoFar   | BestSoFar   |  Activations |       Lambda |            LayerSizes |
|      | result |             | runtime     | (observed)  | (estim.)    |              |              |                       |
|=============================================================================================================================|
|  121 | Accept |     0.23264 |      109.96 |     0.17934 |     0.17956 |         tanh |   8.1415e-06 | [  4   8]             |
|  122 | Accept |     0.19204 |      117.14 |     0.17934 |     0.17956 |         tanh |    0.0016427 | [ 64  29]             |
|  123 | Accept |     0.23766 |      84.198 |     0.17934 |     0.17956 |         none |   1.1056e-07 | [  5  31]             |
|  124 | Accept |     0.18399 |       112.6 |     0.17934 |     0.17942 |         relu |    0.0018446 | [ 61   6]             |
|  125 | Accept |     0.21943 |      88.925 |     0.17934 |     0.17943 |         relu |     0.009208 |  63                   |
|  126 | Accept |      0.2356 |      95.829 |     0.17934 |     0.17943 |         tanh |   6.9964e-06 |  4                    |
|  127 | Accept |      0.1811 |      115.87 |     0.17934 |     0.17942 |         relu |    0.0033277 | [ 62  32]             |
|  128 | Accept |     0.23759 |      51.193 |     0.17934 |     0.17943 |         none |   0.00016037 |  64                   |
|  129 | Accept |     0.23792 |      102.57 |     0.17934 |     0.17943 |         relu |   1.4259e-05 |  62                   |
|  130 | Accept |     0.27833 |      9.4483 |     0.17934 |     0.17942 |      sigmoid |     0.010919 |  4                    |
|  131 | Accept |     0.28372 |       5.305 |     0.17934 |     0.17943 |         none |     0.050484 |  64                   |
|  132 | Accept |     0.18018 |      99.434 |     0.17934 |     0.17941 |         relu |    0.0010341 |  63                   |
|  133 | Accept |     0.27574 |      101.28 |     0.17934 |     0.17942 |         tanh |   3.4753e-06 |  64                   |
|  134 | Accept |     0.18086 |      112.53 |     0.17934 |      0.1794 |         relu |    0.0033234 | [ 63   7]             |
|  135 | Accept |     0.24407 |      22.743 |     0.17934 |     0.17941 |      sigmoid |    0.0022798 |  4                    |
|  136 | Accept |      0.2376 |      60.116 |     0.17934 |     0.17941 |         none |   1.2824e-05 |  62                   |
|  137 | Accept |     0.18047 |      112.47 |     0.17934 |      0.1794 |         relu |    0.0029019 | [ 63   5]             |
|  138 | Accept |      0.2368 |      110.25 |     0.17934 |      0.1794 |         tanh |   9.9391e-07 | [  4   5]             |
|  139 | Accept |      0.1818 |      99.282 |     0.17934 |     0.17939 |         relu |   0.00083221 |  64                   |
|  140 | Accept |     0.73186 |      5.8375 |     0.17934 |     0.17938 |         tanh |     0.098585 | [  4  30]             |
|=============================================================================================================================|
| Iter | Eval   | Objective   | Objective   | BestSoFar   | BestSoFar   |  Activations |       Lambda |            LayerSizes |
|      | result |             | runtime     | (observed)  | (estim.)    |              |              |                       |
|=============================================================================================================================|
|  141 | Accept |     0.31194 |      16.564 |     0.17934 |     0.17938 |         tanh |     0.098118 |  62                   |
|  142 | Accept |     0.19887 |      110.84 |     0.17934 |     0.17938 |         tanh |    0.0018562 | [ 22   4]             |
|  143 | Accept |     0.20122 |      98.306 |     0.17934 |     0.17938 |      sigmoid |   0.00032306 |  25                   |
|  144 | Accept |     0.26992 |      104.21 |     0.17934 |     0.17938 |      sigmoid |   2.0604e-06 |  64                   |
|  145 | Accept |     0.23002 |      95.879 |     0.17934 |     0.17938 |      sigmoid |   1.0649e-07 |  5                    |
|  146 | Accept |     0.24054 |      104.15 |     0.17934 |     0.17938 |         relu |   1.8392e-06 |  60                   |
|  147 | Accept |     0.19998 |      113.38 |     0.17934 |     0.17938 |      sigmoid |   0.00032225 | [ 25  27]             |
|  148 | Accept |     0.23762 |      36.674 |     0.17934 |     0.17938 |         none |   1.0362e-07 |  5                    |
|  149 | Accept |     0.20536 |      97.623 |     0.17934 |     0.17938 |         tanh |    0.0017754 |  23                   |
|  150 | Accept |     0.25731 |      13.982 |     0.17934 |     0.17938 |         relu |     0.016635 |  4                    |
|  151 | Accept |     0.23525 |      93.376 |     0.17934 |     0.17938 |         tanh |   0.00017376 |  4                    |
|  152 | Accept |      0.2349 |      95.439 |     0.17934 |     0.17938 |      sigmoid |   1.7039e-05 |  4                    |
|  153 | Accept |     0.17934 |      99.431 |     0.17934 |     0.17933 |         relu |    0.0013231 |  62                   |
|  154 | Accept |     0.23764 |      30.173 |     0.17934 |     0.17933 |         none |   5.0476e-07 | [ 61  31]             |
|  155 | Accept |     0.23762 |      79.958 |     0.17934 |     0.17933 |         none |   2.3687e-05 | [ 63   5]             |
|  156 | Best   |     0.17918 |      99.459 |     0.17918 |     0.17927 |         relu |    0.0011756 |  61                   |
|  157 | Accept |     0.54593 |      5.8736 |     0.17918 |     0.17926 |         none |     0.099662 | [  4   4]             |
|  158 | Accept |     0.24573 |      16.758 |     0.17918 |     0.17927 |         none |    0.0089992 | [ 59  15]             |
|  159 | Accept |     0.70151 |      9.8074 |     0.17918 |     0.17927 |         relu |     0.090747 | [  4  15]             |
|  160 | Accept |     0.32762 |      20.418 |     0.17918 |     0.17925 |      sigmoid |     0.033732 |  64                   |
|=============================================================================================================================|
| Iter | Eval   | Objective   | Objective   | BestSoFar   | BestSoFar   |  Activations |       Lambda |            LayerSizes |
|      | result |             | runtime     | (observed)  | (estim.)    |              |              |                       |
|=============================================================================================================================|
|  161 | Accept |     0.25528 |      45.816 |     0.17918 |     0.17926 |      sigmoid |    0.0045479 |  62                   |
|  162 | Accept |     0.25039 |      35.641 |     0.17918 |     0.17926 |         tanh |      0.01209 | [ 64   4]             |
|  163 | Accept |     0.73186 |       8.606 |     0.17918 |     0.17926 |      sigmoid |     0.098902 | [ 62   8]             |
|  164 | Accept |     0.27771 |      114.04 |     0.17918 |     0.17926 |         tanh |    1.034e-07 | [ 60   6]             |
|  165 | Accept |     0.17936 |         115 |     0.17918 |     0.17926 |         relu |    0.0026555 | [ 64  29]             |
|  166 | Accept |     0.26394 |      100.94 |     0.17918 |     0.17926 |         tanh |   4.3296e-05 |  64                   |
|  167 | Accept |     0.25159 |      18.348 |     0.17918 |     0.17926 |         tanh |     0.016282 |  4                    |
|  168 | Accept |     0.22338 |      109.87 |     0.17918 |     0.17926 |         relu |   4.7328e-05 | [ 23   4]             |
|  169 | Accept |     0.24853 |      50.746 |     0.17918 |     0.17923 |         tanh |     0.014922 | [  4  29]             |
|  170 | Accept |     0.23419 |      73.201 |     0.17918 |     0.17919 |         tanh |    0.0060799 | [  8  31]             |
|  171 | Accept |     0.25619 |      103.57 |     0.17918 |     0.17919 |      sigmoid |    1.492e-05 |  63                   |
|  172 | Accept |     0.23573 |      109.48 |     0.17918 |      0.1792 |         relu |   1.4113e-05 | [  4   5]             |
|  173 | Accept |     0.23782 |      22.463 |     0.17918 |      0.1792 |         none |    0.0018214 |  4                    |
|  174 | Accept |     0.23587 |      95.404 |     0.17918 |      0.1792 |         tanh |   3.4684e-07 |  4                    |
|  175 | Accept |     0.23506 |      95.164 |     0.17918 |      0.1792 |      sigmoid |   9.3236e-05 |  4                    |
|  176 | Accept |     0.23764 |      36.669 |     0.17918 |      0.1792 |         none |   0.00058721 |  63                   |
|  177 | Accept |     0.23764 |      22.148 |     0.17918 |      0.1792 |         none |   3.6141e-07 |  61                   |
|  178 | Accept |     0.23033 |      102.09 |     0.17918 |      0.1792 |         relu |   5.9441e-05 |  63                   |
|  179 | Accept |     0.23467 |      109.63 |     0.17918 |      0.1792 |      sigmoid |   3.3493e-05 | [  4   8]             |
|  180 | Accept |     0.24676 |      102.47 |     0.17918 |      0.1792 |         relu |   1.0109e-07 |  44                   |
|=============================================================================================================================|
| Iter | Eval   | Objective   | Objective   | BestSoFar   | BestSoFar   |  Activations |       Lambda |            LayerSizes |
|      | result |             | runtime     | (observed)  | (estim.)    |              |              |                       |
|=============================================================================================================================|
|  181 | Accept |     0.19362 |      99.471 |     0.17918 |      0.1792 |         tanh |   0.00090337 |  46                   |
|  182 | Best   |     0.17903 |      99.557 |     0.17903 |     0.17915 |         relu |    0.0013411 |  63                   |
|  183 | Accept |     0.23679 |      71.419 |     0.17903 |     0.17915 |         relu |   0.00011318 |  4                    |
|  184 | Accept |     0.24565 |       12.81 |     0.17903 |     0.17915 |         none |    0.0096178 |  63                   |
|  185 | Accept |     0.27905 |      117.86 |     0.17903 |     0.17915 |      sigmoid |   6.5286e-07 | [ 60   5]             |
|  186 | Accept |     0.28075 |      114.63 |     0.17903 |     0.17915 |         tanh |   3.0859e-06 | [ 60   4]             |
|  187 | Best   |     0.17898 |      99.172 |     0.17898 |     0.17912 |         relu |    0.0013974 |  64                   |
|  188 | Accept |     0.18018 |      116.01 |     0.17898 |     0.17912 |         relu |    0.0022723 | [ 62  32]             |
|  189 | Accept |     0.23759 |       73.01 |     0.17898 |     0.17912 |         none |   9.6914e-05 | [ 61  28]             |
|  190 | Accept |     0.25967 |      31.374 |     0.17898 |     0.17911 |         relu |     0.015101 | [  4  30]             |
|  191 | Accept |     0.24095 |      36.636 |     0.17898 |     0.17911 |         relu |    0.0058174 | [  4   6]             |
|  192 | Accept |     0.25914 |      37.229 |     0.17898 |     0.17911 |         tanh |     0.021508 |  61                   |
|  193 | Accept |     0.73186 |      9.0168 |     0.17898 |      0.1791 |      sigmoid |     0.017566 | [  4  17]             |
|  194 | Accept |     0.23899 |       56.69 |     0.17898 |      0.1791 |      sigmoid |    0.0012812 | [ 64   5]             |
|  195 | Accept |     0.23184 |      117.67 |     0.17898 |      0.1791 |         relu |   0.00012146 | [ 63  28]             |
|  196 | Accept |     0.23762 |      39.074 |     0.17898 |      0.1791 |         none |   0.00012361 |  4                    |
|  197 | Accept |     0.23691 |      95.475 |     0.17898 |      0.1791 |         relu |   8.8985e-06 |  4                    |
|  198 | Accept |     0.23584 |      99.292 |     0.17898 |      0.1791 |         relu |   2.9286e-07 |  4                    |
|  199 | Accept |     0.23234 |      96.436 |     0.17898 |      0.1791 |      sigmoid |   1.7834e-06 |  4                    |
|  200 | Accept |     0.23765 |       52.93 |     0.17898 |      0.1791 |         none |   1.4773e-06 |  4                    |
|=============================================================================================================================|
| Iter | Eval   | Objective   | Objective   | BestSoFar   | BestSoFar   |  Activations |       Lambda |            LayerSizes |
|      | result |             | runtime     | (observed)  | (estim.)    |              |              |                       |
|=============================================================================================================================|
|  201 | Accept |     0.23759 |      55.192 |     0.17898 |      0.1791 |         none |   9.7775e-05 | [  4   9]             |
|  202 | Accept |      0.2833 |      101.17 |     0.17898 |      0.1791 |         tanh |   6.9206e-07 |  60                   |
|  203 | Accept |     0.23577 |      110.23 |     0.17898 |      0.1791 |      sigmoid |   2.5373e-06 | [  4   5]             |
|  204 | Accept |     0.17947 |      112.57 |     0.17898 |      0.1791 |         relu |    0.0023817 | [ 64  10]             |
|  205 | Accept |     0.22748 |      106.15 |     0.17898 |      0.1791 |         relu |   0.00023391 | [  6   4]             |
|  206 | Accept |     0.19055 |      99.524 |     0.17898 |      0.1791 |         relu |   0.00051697 |  64                   |
|  207 | Accept |     0.27858 |      24.005 |     0.17898 |      0.1791 |         relu |     0.041026 |  64                   |
|  208 | Accept |     0.18164 |       115.3 |     0.17898 |      0.1791 |         relu |    0.0023457 | [ 58  31]             |
|  209 | Accept |     0.19284 |      113.54 |     0.17898 |      0.1791 |         tanh |    0.0024004 | [ 36  30]             |
|  210 | Accept |     0.17943 |      112.75 |     0.17898 |      0.1791 |         relu |    0.0025586 | [ 62  12]             |
|  211 | Accept |     0.27379 |      104.21 |     0.17898 |      0.1791 |      sigmoid |    3.943e-07 |  64                   |
|  212 | Accept |     0.19165 |      102.92 |     0.17898 |      0.1791 |      sigmoid |   0.00044133 |  63                   |
|  213 | Accept |     0.17955 |      99.154 |     0.17898 |     0.17911 |         relu |    0.0015141 |  64                   |
|  214 | Accept |     0.23533 |      109.96 |     0.17898 |     0.17911 |         tanh |   2.7526e-07 | [  4   5]             |
|  215 | Accept |     0.23765 |      62.186 |     0.17898 |     0.17911 |         none |   1.6527e-05 |  4                    |

__________________________________________________________
Optimization completed.
MaxObjectiveEvaluations of 215 reached.
Total function evaluations: 215
Total elapsed time: 17975.6341 seconds
Total objective function evaluation time: 17904.6382

Best observed feasible point:
    <strong>Activations</strong>     <strong>Lambda</strong>      <strong>LayerSizes</strong>
    <strong>___________</strong>    <strong>_________</strong>    <strong>__________</strong>

       relu        0.0013974        64    

Observed objective function value = 0.17898
Estimated objective function value = 0.17916
Function evaluation time = 99.1716

Best estimated feasible point (according to models):
    <strong>Activations</strong>     <strong>Lambda</strong>      <strong>LayerSizes</strong>
    <strong>___________</strong>    <strong>_________</strong>    <strong>__________</strong>

       relu        0.0012548        64    

Estimated objective function value = 0.17911
Estimated function evaluation time = 99.4367


Refitting best observed CNN_Efficientnetb0 NN...
Layer1 size: 64 | Layer2 size: NaN | Activation: relu | Lambda: 0.001255
